FireBoY:

129104
129108
129112
129116
130128
130132
130136
130140
131152
131156
131160
131164
132176
132180
132184
132188
133200
133204
133208
133212

131148
131152

132168
132172

131164
131168

132192
132196

133200
133204
134224
134228

135244
135248

134236
134240

135264
135268

129108
129112
130132
130136

125008
125012
125016
125020
126032
126036
126040
126044
127056
127060
127064
127068
128080
128084
128088
128092


